start=1430.101333
pause=yes
volume=99.791656
contrast=-8
