start=1407.991000
volume=170.041702
