start=1359.225000
volume=143.833298
