start=162.329000
volume=60.541618
